148062910945668129546129550673921209676347338357567101005571265604545801576913 10536047033319132017419664244410335880594579327571506364398293383434914910169047522779596149054130690154038686822358083560108639182019593631432078946623065387138664618886852256894184390416645141148461270165215081558895244926190699696916173764453911542589739845566093970651200274400014684434284280829627882710805012869894220843941509030545754966012916229323166943938456808416456359758372359866556752958294882782669752320333621062729600767432036441101216298426688232
165844457699650367223500872853742222044892208561002253500256782233628694160475 20806823125409397583549472684101115829616849577426879428823153410417032715711114302244938574936855798527303758833821060238080530635642196015309163683135687780505108658748975001869451841515597869516611111348128512727366553547662092059068961327991181171828247080061580094388665573345805327329692895528017849801206593934747065250023787673102275336860389535322842550043600167939354880773923864367093472073724691700546923799307247989172849690596649579516173724931990316
113922155782160212227056058140409117111354014839273485092293621415708730461855 2185995018378984469604146584545226189425662955114216006644903874281063697424893938552363480057117095413661953721334843831609555023531806731277620116198397051203499298634656123337132173246425229596082439459902004545304551161913482587235782097347413614196016824319051453872301456796179026202319893613295798283369049793930408510115500995958923082610140976555668095480182819861070163554153520954939877992397308499600507336352259216361709952126284619453141817204147636
108878888766692297682231532556893405664871577819589738102082523127876171552640 1665950443653858120858439314384685440871463771104788477004837026813742433978025106900542174584049255244047888694317485834340883957465191588147499467019061661353924034927412651382407271064932288550484370745618885017573533529074304181242101060360479366255791771169276637200449241742675842751218040475510579310061172978175873164003071179587345391816366323136504409815584506821289679305708486360764531844701588221646636011487841846826328561672500632084062359781095801
38539782734418952069923147701299794308667198203776110006425368284551058118703 3276842533217909930947483532972538851679378667482607688569845731154745973775234187234268378601506791752934004913866138939488197235689615954439448040426269998145016270796655756687921298601749349842663981042795437033810254890857742847522950585175179456257566408163449291305678994729593017220445521313308808295352661343533073841886466283350275434811151658766286381627336654744268168457575941987376934719934928517554453002947418417585108436154107214670204225413972
204397486199840603711562516303866902855393378889867994015085128582149120632107 72921115186716722035350104315347589445766952783254198805481638866473959749219591007645994490300336990166322825031273557905582088810755861013343198803146877537752289950033469456379425053744028533076803961787045878241702022312144465077742386341134628999819219249932042631799025446712595853376410499700664647609889053213807501752981496813002608301904644756031963596401002069838880712522725900223404517437459142379292339225286356237030697042235767984711750650664923468
90241320108873498469671850063194536399391186236146188588821484162955024345585 540048344339913618616528119646878766280809973099094607495227097902895359475905259828026432268635164945177068300075886305877118138012487597729282568566215329546175854651187573355886029145226368556760038828596385228718123654585977334658023819847054098641799162765413978430396976697614037255666859768257669768529496001339319695490067181491773957115752135690646166545032018844627378559724219671525493947434668085069924890542088486352292463534584652343675640641804456
44338230784480774827740876652475263847171704099022710541668384137553527312362 7597490357992302925898699834039850340817467655765696109463676724506370833120411686278074299678389607990036403678132104245644867825944424698176385924316051193750058494968181990214129051040720739809614118526701955628714689670164201553502593389436622092326515650523727810211827731325448988064722396667175873813732013650897829415002288652475702834330173235407491015466425723638483159616553666024539622245509968471728743467361427508568776501691790963785661273122913
201050935378996030740381792575578160046290197231635648140547314635686278501202 66044489540661561279747705301318800850683450836519699937339583142191051476026449705210982858124201996680445619710374136248035194959460649719629846408877717637503481607365104178364992105868601311072945308802550955441994716478025734742286048879230500749510603803280802500627495570824388670391780633512325703715503600011397328663534363673859920571646491333140742064665972888450966381424383506711258211343742671148321062983337835408585932944794775545627960207627967073
56194713890960561144752816147606724896671414021728775311348296512025680791603 31490009116904656348390814195833482695295919518374861968101338287570414170039697226494544446852983253158679282656957870981277821661769285747243064974429341343476682562179775283886112420705420914969832334593331804045106361252664811810880036428016665160678817114951192471914500094437005065806428838096213376419892867105874210061934514989753875654579243628331115305333161182410433589972927960678249319218987208050204520890190232287226678523810931402535060328633372
